1.116657314245658172e+00
1.129039872485353424e+00
1.105753598463199872e+00
1.102972432246903223e+00
1.133921481535562714e+00
1.138768546721514507e+00
1.154083587248307063e+00
1.152655568650311491e+00
1.141352691918687823e+00
1.151183738732886708e+00
1.153880265057849241e+00
1.160522800577266089e+00
1.172609441801715002e+00
1.177252440348915519e+00
1.173550170172205975e+00
1.196426878499862845e+00
1.194367544120534808e+00
1.199006117213412548e+00
1.181194277142014970e+00
1.198057090230000288e+00
