1.942122854997434978e+00
1.947430374372340900e+00
1.946281934180832840e+00
1.945830445003021714e+00
1.945695237887789864e+00
1.945879901309147453e+00
1.946710369166205989e+00
1.947468703360203834e+00
1.938587441316345972e+00
1.947298900855471748e+00
1.947606259142346419e+00
1.940374179264468646e+00
1.942466001986237645e+00
1.947364814141217426e+00
1.947669010485529650e+00
1.945875466327228187e+00
1.946832397404838932e+00
1.944844866042856779e+00
1.946954764673472171e+00
1.944314489279256764e+00
