9.515954053691585424e-01
9.594322346208040697e-01
9.524816746449531468e-01
9.666187674798014662e-01
9.725166883919854621e-01
9.719649241555987640e-01
9.824385989809889530e-01
9.808846367213427397e-01
9.946085519497961380e-01
9.959375475297498337e-01
9.787819161439490490e-01
9.887988901199282754e-01
9.953560903096747570e-01
1.009246055274973131e+00
1.009256596684150908e+00
1.025348814856975599e+00
1.014001829468685667e+00
1.035545791049137687e+00
1.029775008902220401e+00
1.034814426661147424e+00
