1.942903604044023957e+00
1.943802521204399669e+00
1.945805028881258281e+00
1.946298928974229625e+00
1.945202994377106975e+00
1.947365089755533907e+00
1.945425711476894248e+00
1.943862406951387234e+00
1.945687691269018416e+00
1.945454491221386473e+00
1.940536866560006679e+00
1.944771630074971780e+00
1.943218322666099951e+00
1.946695070285016538e+00
1.949556626932090531e+00
1.942351548415620632e+00
1.945728750332542001e+00
1.944129971744459340e+00
1.943885481875875731e+00
1.944235791483193809e+00
