9.330713194044654157e-01
9.378003140392205950e-01
9.420992751484331684e-01
9.435754059754368761e-01
9.392763615569190705e-01
9.420235421499023598e-01
9.430119165831514216e-01
9.507754506052606969e-01
9.582957193979522170e-01
9.546211022702629778e-01
9.527630719839764728e-01
9.631103832855858471e-01
9.554225601960936176e-01
9.655921373830731458e-01
9.648261851514391418e-01
9.661513169479492014e-01
9.687660087252516483e-01
9.747801224898804406e-01
9.808464452738652195e-01
9.764334867372537197e-01
9.831961965012123716e-01
9.921970342278785271e-01
9.901829676326278085e-01
9.961017685778000841e-01
1.001347603547908527e+00
1.001914727260999394e+00
1.012773512421971445e+00
1.007652522352955327e+00
1.006764590854535069e+00
1.013950549428115355e+00
