1.009089264494683835e+00
1.027842175167844818e+00
1.018918587347430682e+00
1.026864921421650978e+00
1.052281435035988588e+00
1.044235997264037596e+00
1.050374260338980736e+00
1.037137166770827790e+00
1.048102451102508104e+00
1.047705941340502545e+00
1.067252903262062791e+00
1.062140684298542137e+00
1.076225884887568540e+00
1.062354349800388009e+00
1.079698291809662480e+00
1.084823930126321834e+00
1.087406393664572146e+00
1.082581722065615759e+00
1.110080986529055069e+00
1.104675495258682583e+00
