7.086427402313407731e-01
6.958086770742445415e-01
6.963308745866541027e-01
6.994282809441046966e-01
6.958442228986784217e-01
6.970879301771788494e-01
6.905436277237084752e-01
6.891892781038113647e-01
6.838364026430622244e-01
6.865909170083073221e-01
6.862179264616783403e-01
6.793023443511684301e-01
6.854525206186582453e-01
6.898008298767192015e-01
6.812641752879028401e-01
6.761838259065852119e-01
6.779896401612045542e-01
6.751676377128151829e-01
6.803500431654093683e-01
6.742710526794424286e-01
6.810140368121359034e-01
6.767100305737131505e-01
6.691332502514505398e-01
6.701897639981315713e-01
6.737818354383453556e-01
6.727926611824108782e-01
6.679623713883597880e-01
6.634720665262178185e-01
6.678043550161449904e-01
6.631878271813282932e-01
