9.314672093686011609e-03
9.317631559336887401e-03
9.261850830967850376e-03
9.241239316618580363e-03
9.293379312705086701e-03
9.236836644863744006e-03
9.165367954160513406e-03
9.211402554350817465e-03
9.144599964518261917e-03
9.097204888430054578e-03
9.075947546238161481e-03
9.058224209381834924e-03
9.000542342586591305e-03
9.120659048780989375e-03
9.010173262173161446e-03
9.045274468207889842e-03
9.002703614473400034e-03
8.867665637901429865e-03
9.011132095087691016e-03
8.931859475000740456e-03
8.882778296259033826e-03
8.873754391765884680e-03
9.037906589829707710e-03
8.789796319663943647e-03
8.873855936593469385e-03
8.954234802952546618e-03
8.830989766961245407e-03
8.844654025186015137e-03
8.837026399214896813e-03
8.859542584346841512e-03
8.778475805857430259e-03
8.851325027751820104e-03
8.762727973296705053e-03
8.653845268544619121e-03
8.662453173157160999e-03
8.722883501492650210e-03
8.735011653591166422e-03
8.698199519558864889e-03
8.730780656623375949e-03
8.646280079296388144e-03
