1.978294943299744757e+00
1.597017804832409738e+00
1.422991141943675375e+00
1.322101225709671146e+00
1.238869443726356767e+00
1.172809901902132967e+00
1.127825509251840996e+00
1.099479885890965569e+00
1.060591502491470495e+00
1.037315150356048710e+00
1.014930270135860013e+00
1.001413265533764418e+00
9.795556358059348545e-01
9.780330889670135752e-01
9.642121490767544545e-01
9.545958774626407406e-01
9.519361716402156004e-01
9.467239360827619521e-01
9.391493625805505951e-01
9.398314434549083218e-01
9.306565931690927718e-01
9.380537160979512956e-01
9.279491204739837018e-01
9.267144287791093671e-01
9.337575740521520951e-01
9.387865552816854198e-01
9.261385528632747333e-01
9.329562273324297772e-01
9.308484961919467615e-01
9.292741542886895356e-01
