9.407907562030245474e-01
9.376140008954441107e-01
9.378995560014339317e-01
9.460675416852507569e-01
9.399769036361323993e-01
9.289018326555676941e-01
9.447565143523009024e-01
9.290053062426769648e-01
9.384584852954005463e-01
9.327417246216093139e-01
9.370869648502305749e-01
9.305750255846916286e-01
9.304518736231967013e-01
9.391100086519480472e-01
9.521974462377446047e-01
9.519363758356674809e-01
9.517535932381134822e-01
9.457697592427968258e-01
9.523509932143608969e-01
9.646140351472303198e-01
