3.121952598681078037e-02
3.043238721463991173e-02
3.014254841782019328e-02
3.000162299388967058e-02
2.989397955405742602e-02
2.986095858085185961e-02
2.979673781548924580e-02
2.979455239918378170e-02
2.970224665596966906e-02
2.965165038481164250e-02
2.963850266821777685e-02
2.961053010647940117e-02
2.957428725974639225e-02
2.955096999130895491e-02
2.948440051139773060e-02
2.951022199190714637e-02
2.953194493851850691e-02
2.944487092964103575e-02
2.950532928280665684e-02
2.939394330772597541e-02
2.946757196265337164e-02
2.945855147946063735e-02
2.947561049838657438e-02
2.942131952527919994e-02
2.943169719079876193e-02
2.939463077384568690e-02
2.940251850916067791e-02
2.935233076467462163e-02
2.937271131817108596e-02
2.937812998633631753e-02
2.939766587551368923e-02
2.934961790299933995e-02
2.935058436096858042e-02
2.938117906022483586e-02
2.932278001133133485e-02
2.934343040780261827e-02
2.934139124963365888e-02
2.929134566879943238e-02
2.933477360012052768e-02
2.934326266255372559e-02
2.933383954550756664e-02
2.927964831680974003e-02
2.932487724734770401e-02
2.925553614669062705e-02
2.930159260378316713e-02
2.933771351157018342e-02
2.933630148125121809e-02
2.921600383765938364e-02
2.931855910736352877e-02
2.925851022172004656e-02
2.930415350981914122e-02
2.927062763830127687e-02
2.927798502947515785e-02
2.931349340330837924e-02
2.927689523438510924e-02
2.926752172991671508e-02
2.925237052885772474e-02
2.922142460904158037e-02
2.924101062528693812e-02
2.927880182081018731e-02
2.928639427923104485e-02
2.926189394053214585e-02
2.926453371124956501e-02
2.927655730244067486e-02
2.923219048363320804e-02
2.921830062680613391e-02
2.924561309521003100e-02
2.927015375707994055e-02
2.930017538568781624e-02
2.920442014989798121e-02
2.923490668711302420e-02
2.925716533237482375e-02
2.921513541865989119e-02
2.923519296995590391e-02
2.925815841521296062e-02
2.927365255258653626e-02
2.925417427678623367e-02
2.925632301422641246e-02
2.925305995051665636e-02
2.921954879437185099e-02
2.926793656623958087e-02
2.924626093129139084e-02
2.920274430995478329e-02
2.925000420016477323e-02
2.928149933829103310e-02
2.921742691046289031e-02
2.932552484047534769e-02
2.922758092517819400e-02
2.920189828557126499e-02
2.921672379764754524e-02
2.921705583677343745e-02
2.922093910891610316e-02
2.923424932581689464e-02
2.921372764479473680e-02
2.923499150177859274e-02
2.924095106828014656e-02
2.921290846203294239e-02
2.923245327618649581e-02
2.919000531296672002e-02
2.921578042266314082e-02
