2.948965686742607145e-02
2.651009751278954676e-02
2.500948133876028032e-02
2.416911604516493867e-02
2.358670521270283746e-02
2.309224748378976844e-02
2.266803042977438495e-02
2.229474002585920059e-02
2.210120415634206359e-02
2.181339389203912002e-02
2.160510900990127506e-02
2.126378420135363601e-02
2.114761872764895842e-02
2.092033089793589665e-02
2.073074419818380157e-02
2.061768860229865052e-02
2.038122594828152903e-02
2.021871435710841103e-02
2.009996060100967610e-02
2.002211927872179706e-02
1.988910723244175990e-02
1.975713779702020431e-02
1.965655273426791111e-02
1.957743295856639518e-02
1.944466600494692762e-02
1.938191372091355516e-02
1.918556100910391235e-02
1.914127499622571629e-02
1.907116902487166615e-02
1.900940377722539626e-02
1.878039606744447490e-02
1.877415869289728034e-02
1.874919413396007248e-02
1.863467899244040590e-02
1.849342486404282823e-02
1.843632802324336045e-02
1.841079996412862962e-02
1.833772092528850733e-02
1.823354997407749742e-02
1.812128897499093103e-02
1.804595542214143880e-02
1.805354704332473581e-02
1.795694324881066950e-02
1.778194187875941842e-02
1.782059147977806124e-02
1.774292018340752758e-02
1.767707198543850416e-02
1.762569629494338888e-02
1.759533805872701834e-02
1.754998339725958451e-02
1.746413111448516520e-02
1.744023571981836301e-02
1.731156783959711745e-02
1.728402923368622598e-02
1.718726555061767317e-02
1.716372383105785326e-02
1.715019046950637394e-02
1.720789871762132620e-02
1.703261100041592035e-02
1.697841053114027346e-02
1.690442801769965683e-02
1.688232045630207526e-02
1.687625417952685544e-02
1.674981273548758684e-02
1.674832513822657049e-02
1.672674051207273527e-02
1.672040530578102271e-02
1.663324891296608446e-02
1.661505184405485600e-02
1.655223631583477989e-02
1.658703361059088791e-02
1.639805496801310242e-02
1.644304217151401973e-02
1.628108588440338803e-02
1.630009649812108261e-02
1.632366092313471823e-02
1.626279733150892692e-02
1.616920049890609168e-02
1.623014858840485936e-02
1.613972298062556557e-02
1.611259202484775083e-02
1.603189411589785174e-02
1.596114837357302807e-02
1.593678970309093598e-02
1.587594779865706546e-02
1.588527444878693254e-02
1.580499696171344670e-02
1.580576002931274870e-02
1.578456823192441599e-02
1.577250803570689336e-02
1.574592051975181456e-02
1.563119977865072910e-02
1.558674372675473811e-02
1.576622227168715876e-02
1.556688143402490399e-02
1.561062578635904856e-02
1.547366287201985997e-02
1.542498178237005843e-02
1.552632874201821320e-02
1.541595384383293021e-02
